6.683116363303836,4.386754252042169
32.27728779255307,0.7282181216260142
-23.045550950846508,5.547391626190271
5.2630997926994585,-1.8414826637072894
4.325026162813113,-1.1387940402807546
2.383978215434549,1.0246097269066985
5.211545934182523,-2.799540976464982
-16.085641792801287,6.269285852868419
-22.269430049825683,4.354532564917957
5.045429209486753,0.8741715647764002
5.302060645551667,-2.913977957834358
-18.452949292487304,3.6444569148357133
5.218419523097177,-2.410000946413484
29.535873004971894,-4.611173910778556
-24.16114267947517,3.482355349493976
29.352150093970295,-2.0061497249271603
-23.529418318006154,4.775118997844736
28.822521277433765,2.005501428674264
4.605645687296456,-2.045274182068145
-20.89601528233599,5.901678721181761
-17.995641872508415,4.3704543707038725
-19.51611903362185,10.079858941163296
5.063789182548071,3.217631431096483
6.937560050196,-0.8693220541405557
-21.50432503966345,5.9812137553859355
-18.850220716683012,5.409437814775324
29.883102435910622,0.2601845475770661
-23.216615336691632,5.366428151331594
-23.93766272583463,5.964402295654615
28.6905002089026,-4.752347074485379
5.126069550006602,2.177064488359568
27.464525228817713,-1.4930809496173012
-22.137523430185226,4.635688847795648
-20.323708551339617,7.938501912865745
32.68065692243509,-0.6409963330032395
-20.603414940218734,5.97464356883938
4.929982241126764,2.4060004779913844
28.9187380822233,-7.185043277802754
5.137593045767326,1.3827394381565525
-20.801646582789466,5.01249597976874
-21.85847448365704,7.854903155062859
8.499448238931684,-2.2490321223950422
29.028274758749202,-2.3267367312068217
27.72081480081119,-3.507086284138552
-19.1673794176482,3.1117116566740863
-17.880880365259266,7.23412556729501
33.62751155862559,-5.460816871361623
26.938106287103764,-2.2633475459030308
28.751131916696092,-0.5169432713774667
31.451398465485692,-1.3453374765570536
30.282950090214083,-2.512126606778615
33.22501352076789,-1.234897986563234
-18.355560296862308,5.185630674368168
-16.995321295049447,3.3702681817438496
-19.322306334788834,4.1300673091792
-23.285285374526364,6.280012102197325
27.905713529328015,-2.700496719026846
-19.880983803883403,8.599102159487542
-20.087321911913197,4.071793428150051
5.224112143155733,1.7319437701869986
-19.085219675502948,3.1207702342830674
26.765833723679126,0.8173366352241493
-18.732483175648316,9.70456270210613
-20.28385344537321,1.961681569211457
5.305550134407405,-3.679084440239859
27.798363230044274,-3.8404674376915224
-20.46588099710642,3.4659720765699706
31.17262268268233,0.5252710336374387
2.2340986408869226,-0.5705937000726372
27.39083079538054,-2.8346292916466727
28.915346233427453,-2.6573262668999456
-20.16863638142744,1.8872320872669448
32.427904948213936,-1.529252994668955
25.86943535639991,-1.65048781508673
31.601873761358483,-2.53193680828118
-20.544189039633213,1.4080772493590552
0.6814271051297043,2.262826965852429
-21.289371184862816,4.4726169199033485
5.257594827717944,-2.8452284508008443
-21.99323924246184,4.090568314273611
32.780386460969886,-1.8702507624256923
-20.319806426527155,5.7525421860643
6.265936734065029,-2.873713348360952
30.996837640270673,-0.9191470362582821
-20.925547060390198,4.09767462512995
5.983258103148357,2.4496562635551884
-19.82188792081665,7.6578381290693915
29.934616769583673,-0.05210426205142493
29.816959818644705,-4.700226435079832
-18.536221173612006,6.594554172455383
4.923843312947725,5.015355825032677
1.4725609167213856,2.012442983730634
2.3224676674967206,-2.308506195152215
4.2245684471132385,-1.6163741853802387
-20.940882211982764,4.729747509474226
-20.141918501681182,6.1611704404081955
31.45164303463104,-0.9597848447098651
-18.87565826969999,5.253226991669592
26.263978815707755,-2.2834245575199166
7.921339029891492,4.752935098270462
9.006240866841225,0.5299896988614216
3.4541986365565647,0.836856896776794
5.717200313837489,-0.19358980864734557
30.820827138415478,-0.14629389609869237
-0.7988003379456012,-0.9100411935200732
7.356143255876177,-0.1892764185654007
4.918813298845755,-0.4806919264807692
-22.123136664801976,4.063376327959922
3.7134495366997573,0.15609583194013674
-17.999561815552177,1.8425655292349679
4.994561458866922,-0.6936425581804233
-23.522132957394014,3.3974222298742522
32.71737602639067,-4.315697510450657
31.5590535941776,-3.854018039076843
-22.109683099488425,7.38290980073052
5.17311240323694,0.7610126685269181
30.73262953196177,-4.416878113380527
-22.859562083708774,5.748790434268299
4.33016329637212,0.12298812588607842
-21.007619133664626,2.394912445367943
-21.04189507176868,5.393439159635216
-22.092848010033755,3.5928972189382407
28.015414334287104,1.0715321264402844
5.0737663936056006,-2.411311925816661
-18.629314352001693,5.960108706892349
27.775829915444657,-5.262230117559627
30.914935966697332,-1.495399228740649
3.8132437865332207,-0.7140586130264583
4.68773299419615,-2.4614405981987484
-21.018920424023992,1.2521828414047849
6.2475185189571345,-2.763228309442833
-20.83616138225972,3.507662642476879
30.958428234165613,-1.7552295770472217
-17.684426183573315,6.935041155847693
-23.445566159688628,6.053725158358531
-17.27726350735182,4.453622406903186
7.290700907616259,-2.070993702243538
29.46361073343747,-0.4642255074659112
-20.169906757518728,4.894789640789158
-16.961481726282315,6.362616093372332
-20.19955124903964,8.043387915880308
-21.517794736580385,6.660189368089437
-20.57592771858757,5.675715817928651
0.9012095457292588,5.12169317704622
29.924505100724904,-0.6621570275464199
2.8648735227930318,1.7647010296616317
33.21627981266059,-0.23116546940251315
30.32743878389833,-0.29476284586032
-20.100376465800295,6.233875140906637
-17.113026342227485,4.746456289031786
29.92874070837609,-2.342662190401066
29.11181421374612,-0.708273063900446
7.441714268395731,0.9448030204293791
1.5984229427845822,-0.3236785142192589
-21.81167490884811,4.587658915757012
6.1236539223401145,-2.572864933144012
3.4375683112431,-0.8018651734492623
6.37484933169304,1.6215940113399572
30.65541782054661,1.3756941448777318
33.45352132078051,-1.486302686123471
6.27646491705251,-4.693220976995699
6.891374421523253,0.40720849439463985
30.617065590267863,1.581628586445007
1.6467270357896848,-0.7274616636851194
29.505121001797043,-2.377987958808643
30.848035433182247,-1.8213110979522507
-19.622164155874465,5.354927166172461
29.80084080267532,-4.58542995787883
-17.5960233862247,4.421931391259136
-19.3274518458,3.769327022535541
-17.37155256755618,6.1544533756936985
28.77450870442952,-5.6846651078010275
4.606552356405746,-0.3707919473606955
-21.60718363292992,5.0631219870295805
-18.138864296773907,5.661828777071563
4.328589868436671,1.446138598966033
-21.00388919609542,4.41948456725912
3.260215030039358,-1.6608778613612063
3.0828595612919707,-3.1126601944156307
-18.949631801333076,4.838791005853954
5.30294444674286,0.5323913602441348
31.699814630074567,-5.004578421291096
29.23763620108495,0.180403990004935
-22.30418796986009,5.298154243305545
4.936181025276828,1.4186512278693497
31.50259696469803,0.34204164206898025
30.297265290450103,-4.2090485376085365
5.495852976070324,1.7566485640885556
32.28838615919049,-4.0657565948413685
-18.559132702471196,4.473937687160907
4.228914912241905,0.8222613790049247
27.63102262125931,-2.6608217354816395
2.7903926379276873,3.343059307571079
-19.71414495627036,5.158940951244261
4.431612591872512,1.1727268587140325
-21.947504837376812,8.958989880226413
23.754388041537407,0.6227179912171952
26.257774424543523,-1.7645685880617505
30.118540904228418,-2.2671362551040506
5.553496445704644,-0.4628146423062328
8.53618519948823,0.7177611817954085
-21.100081976892515,8.413135203119596
7.862407533332929,0.14526793547001646
-15.62329896965657,5.087941612686511
-21.554480311655887,4.166172294665812
-22.70291830304633,5.534411654806536
-19.992463726141327,3.8380852565648844
1.837299049617319,1.2463435870011272
3.736790853263116,-1.0150395255297011
8.188322928732681,-1.0577645740198263
4.862441251584202,-0.2177857358109028
-17.36714765284248,3.4084298150294075
-19.42404177951702,5.481619015676757
-18.97082966864542,6.846478643698448
31.866501774128864,-5.293019460609136
-22.066296261708423,6.790519895144617
29.99239694819115,-3.4562321104090694
-21.063810165782314,4.334608047218676
28.937364164830704,-2.7486543146135998
28.999340712171684,-1.3830714243458582
33.917593467516696,0.8690064461947253
-22.03058522053544,7.877068543367166
4.90904415704291,3.1724941206474813
35.50956455789367,-5.081462031646672
30.116699247535436,-0.9024442753732971
-18.59661511433684,7.664720393473294
4.187205959162593,2.2141550610565273
29.023417337260717,-0.8156325228471155
4.952374601307329,-0.6125251973439791
1.0789420732862816,1.0566737670621982
-15.814495549336089,6.6406754975211015
10.927942031385836,0.17334059346193442
-25.98059627895027,8.63017287675965
30.249874920018378,-1.7694662796913856
2.22744897021566,3.714066071761216
-23.051683506428713,6.079429377772708
7.065251091434321,0.08757455601437712
-20.773839151046033,10.71792050417013
-20.787283270975795,4.906664297443271
-15.77150864240055,1.0486637898261533
5.123764309106787,-1.7865045630325893
28.805580093572136,0.7539367658969716
-21.280025770880805,3.268540875868406
6.047287391364592,2.117158366975786
5.992258001859247,1.0735737858294017
-18.131259711203878,4.285102875040646
7.310026658407947,-2.0897472223201605
-18.87211792518602,5.404664821589758
-18.73667248843175,5.656850429513059
26.86363484469399,-2.1857272568618846
7.368070623349824,2.2427972611804528
30.879638765114983,-2.306959250709935
-18.218351827555914,3.205607011809156
29.820127766951998,-3.985656198393486
31.4177966645173,2.3890044416694787
31.06132937424846,-1.3218237980637504
4.6842400287351795,1.0880958295395184
31.176175690802182,0.7953852435438153
5.824616227581101,2.0074949334300176
5.222816219925605,1.940728854961609
30.915906909514838,-4.141209236022315
4.074648957869537,1.9699675801449854
4.5041825118786925,0.47507660526257894
29.996384009061675,-1.7126529232814818
6.401455417742862,3.810732969923804
30.055112270907955,0.6439690805510909
31.81396845926644,-3.7932040367080377
-20.256156092829496,4.3780793411621755
5.5616901064561,1.3849243330783532
-21.372967241668594,7.149804302089602
-16.056966350949672,2.845730381580977
27.154888200119096,0.10723493518653893
6.473968978311136,1.20606954195152
4.9565862986549,0.37963050252135555
-18.133746596876126,3.496332361248519
28.024063925121638,-3.2854018592303924
-18.625904447196863,3.750950830537775
28.385874304574614,-3.9010355502954033
-20.21470264545012,3.985767893066335
32.471324599183106,3.5733502414928218
5.068447877000508,-0.10602257823134936
30.83572176353919,-1.7230976078831999
28.94425948695987,-1.1767189525726
30.151527132738355,1.5618598468714775
1.7176041840976821,-2.5466728306697437
-20.902856519768175,5.775681454452303
-19.28664165216763,3.196315828255525
27.455067678187135,-1.2169203997914462
28.009598701255243,-2.333183231621099
26.307662693408417,-2.2376347383276474
-22.086113343959514,6.011153044266791
0.8004884114625836,2.3755827120754454
1.3887706540151705,0.18947923518844945
-16.116749686729555,3.2697080686105924
30.692896128383097,-5.816069932060142
-24.504256645912225,4.131194743183418
34.185520211247805,-0.8363451201357759
34.384002107034725,2.3432883919045926
5.011267553493307,1.0839861820045347
-17.32439664821494,1.842050917479812
-18.263822493592343,4.219696791629333
29.604707929459465,0.35362772378412144
-22.115347810832635,5.473366252469946
29.689597848985752,-4.016775903962679
-18.54610781528629,3.5864246918098455
-18.131108987453366,7.4185518685267295
-18.934327006540883,3.300316779361812
4.5619119732766755,3.0126281213113777
-24.437498270268666,9.101256172642614
-18.64367565700119,3.9999319677210687
5.190327061950791,-1.595912645016465
-20.783520004225117,5.123774973528376
-19.275296599132634,1.5508531422749674
7.4925449155077715,3.0491695061571753
9.231364077985553,3.9682748023017638
-19.153275687830252,5.601535791519174
-19.33852621486356,4.794380875354513
31.908578696076415,-1.3979033566929058
5.274772206298059,-2.2191698761613834
-20.302095841574133,3.049702113375469
-17.23363788495021,3.0257341085832854
-18.121276264383635,3.714804316230623
3.1769587994015605,-0.3109704508201884
34.6800133429455,-1.4401364940759729
-19.595134071954174,5.400513408578592
29.821320535172468,-1.844239598324378
-19.660651197734765,5.0059990481982
3.2468228484920574,0.26325900238210254
-24.049136321975848,2.461741040021908
3.9546208345835794,0.6425480178907934
-18.934620846270306,7.453973695522436
30.414602946761555,-1.9679048453461483
-19.174892897838404,3.648372921639653
-19.780204075522853,4.390344519732548
28.363417171138515,-1.5835896026258331
29.370558841093256,-0.9674444065554129
30.043061629803525,-2.65411978491266
5.264790473878913,1.6156733630763638
32.590809256946706,-4.664207459898398
28.56584616769735,-0.845413101111234
31.28979204418357,0.7376667586968737
-16.137804200215882,5.175901855585303
28.3985491940988,-5.552374848982549
-23.257461462230367,3.2133397664600847
30.42977006073299,-4.676731193047526
5.814501071469222,2.6984296836478907
-23.11949597358817,4.483286155264386
32.91748819107278,1.613432399818751
31.5576195438095,-0.6181709824267756
5.44030337197069,-0.17400628175119684
31.628099152059175,-2.2774613171438434
32.74073090667624,-3.559813367565735
4.949230246647521,1.445224880265662
6.172040946804287,-0.02516550775519582
-19.234453966050044,3.053494905206943
27.67378123143168,-3.97902699867979
30.20753609556178,-0.367591875974719
-21.699628630290757,4.336890678985091
6.06536533420801,-1.52851708977205
-18.778054423112206,5.621854164668782
-20.058023811384665,6.562675631100637
4.493579182688054,-2.7114888257887033
33.46298640364827,-4.476296828342442
-17.300708944910674,6.769193558612237
6.969171961341682,0.5699926519710391
7.549941688526911,2.4280195714091932
-21.40574138942526,3.9339655131275677
-19.08167082884269,5.922937702332877
-21.84872604216361,6.0407992729960815
-19.682087730033178,9.910521684318994
30.16187831659815,-0.0060761771616517635
31.87190398036145,-5.321929769576391
27.42047524884048,-1.8898920462652922
31.923435218313656,-1.3337913467273594
29.883059543170628,4.8245231031775
6.033820916573464,-5.922338954222879
5.036330725992095,-2.0738839592997
-19.57372327177956,1.9079641264899392
29.730352706380984,-2.706286393018105
32.643555351932946,0.2622801107764059
33.36379649207293,-3.94701097174286
6.14653745933976,-2.5037022400024633
4.866300536610966,-1.0935625376794649
32.249884548129835,-5.044504427369272
3.5994157191827636,2.062937684705406
28.12621849346595,-2.6492263556390494
28.51281230415625,-1.5451744545058068
30.774619406368984,-1.6125214115950823
2.4843944929082378,1.609938345215713
-19.66768960014002,4.102787984867365
3.2747826174258883,2.8211211259550315
35.110279478399725,-2.30177704618691
2.711458369487822,0.1409206775064039
-20.330132873626262,6.973715048554575
-19.90642708030101,5.692150474705383
29.202652828598982,-2.8158051244212303
31.54600097159967,-2.361449971201442
28.14548752459398,-5.13006109676839
-17.2447562824753,5.6313357014258765
-20.16546148341491,5.212819718234877
-21.97813888531133,4.966152072593493
3.986879740729237,-3.0292287380639027
5.712825637771768,-1.807280939157674
2.788288945212299,0.6684630054762728
8.162854942897958,2.7871596915445513
1.501739952160254,-0.8364202364313812
30.440485802679454,-2.360821156606893
29.47674352346558,2.5558056797862774
-21.41753150064628,7.749109497759011
-21.489265227817953,4.239364067864747
27.5685503692639,1.3462490683944215
29.677463981721587,-3.059921488965836
-17.059278000348662,2.2637341325965132
-20.205519459725554,10.13507108825857
-17.607524946371043,4.069988834856685
-20.774376198158592,2.5372147996340693
3.3818686409417573,-1.9572646464635703
6.276719245758705,0.48763663185875233
5.166083954274616,0.21666174509970743
-20.902932075056878,4.479849462590323
-19.91560463912686,4.445747891222917
4.315018511649221,-0.01237114804715505
-15.840013893097108,3.8883812546789676
-16.97772774617451,6.530730932275528
1.8459971472647072,-1.8255736185563916
29.30875378447643,-1.0042549243015113
6.091935422100956,0.4749918897801911
-19.18870141714306,5.336530337898487
33.03277337738055,-3.0059873999564375
7.578990996338289,1.1222927964203062
-20.776170432284875,8.190664302016081
-17.157949609166753,4.708113770506972
-21.14652466211332,7.707573390560506
-20.498687763562213,3.209412104185958
-20.565870117902833,5.908266350140243
29.826473206654853,0.08563927061040744
3.1793036904104914,-0.28566349971994714
28.87756282295301,1.0746959176229387
6.278686343802114,-3.315813385058781
29.602945654452636,-0.09592658001362575
3.8576154825356315,2.5971512363330276
29.886870282247266,-4.237821467269592
-21.643443295349023,7.326035935954215
28.612923115048687,-5.273913688923173
-19.442485905080474,4.353646151141411
-17.88455781164509,4.760600091725807
5.848577516812576,-2.5177581291490445
-16.75773945883875,6.580547902566179
29.487967433666785,-1.3834266190201094
-21.935909355081673,2.384966425452271
26.796460821844168,-2.8902987046107693
1.083447779748966,2.2807551029304043
-19.897286660529527,-0.2525432230629212
-16.93861852225976,4.498725848648177
27.82080035188926,-4.5101770894651745
-19.69762660619576,7.141774154396808
1.461380977541209,1.5886912767504477
4.5160513833543625,0.3730959725512596
-20.35653069516554,4.228835791070203
-22.63537578120911,4.8837094295367205
-22.338792851631375,3.657780166353772
30.497592795772395,-4.5073832091273065
27.95454690542247,-4.277579511734382
-0.33152054930488717,1.175537807357932
33.28224821572194,-6.027370347021644
-23.142838803552056,7.715753271337712
-21.67430146281413,7.64844106470378
29.937917928654173,-1.071526379668082
-21.99390782501168,5.4709734555099505
28.68759019250797,-0.48951931581280883
29.751067724214526,-3.096412155358072
32.13225498520698,-1.4045235262033517
26.880449349594464,-5.211560480726594
-19.280433188971138,4.537735116709377
4.102523890405965,2.4273503554021967
-20.45480070528935,3.0922969588995315
-20.451741153242306,3.717525236217631
3.817429488627911,-2.00260436032823
33.28770322791211,-5.102612502423286
3.916856924019224,-1.9604742143749463
3.68184293259222,-1.7691873011214805
30.832299698015504,0.5414517945669783
-19.959075143507313,1.596205853583077
-19.70899624350944,2.247017071740756
5.211074987488203,-0.16995498980734894
30.390590949123194,-1.4912665185449065
-18.918555852497736,5.046628034143299
-22.945804089517296,8.509084607355138
33.50287302065391,-0.15782288877685713
-21.589706119998638,3.6211692758079046
2.456295415855007,0.9854251786920217
30.283157670780177,-3.612284198189431
4.997389676488676,0.32118875658543083
7.719300412462969,0.8390755252133235
-20.403370084704246,2.415766036168161
-17.15690918488233,2.5942186525994724
-17.962945653200826,6.287980891454766
28.087739047323392,-4.369218752202256
-15.864464281444256,4.644002553771872
-19.244673173294473,5.654774727600368
2.896880697684275,-3.1825919816859964
-20.169260888478956,5.726964809722886
-18.808839747895348,3.1622825693295606
6.15283633349828,0.06346926011263403
-21.13986296029547,7.294357588981814
5.490012708146826,1.613104765034618
5.633687386235756,-1.3759360093951811
29.558276347439154,-2.8678678535230437
26.66515049091727,-1.6975993153625009
28.104071176037415,-2.4488499327844284
7.4040069983687,2.184645174466879
-19.453683359265877,4.547813823628834
30.509918015681578,-0.04773662360561404
30.29771392606086,1.1654791840212084
-17.633377819140204,7.474039294747001
-18.845275551562878,6.125918374960687
-20.01053391843406,2.9424106155507843
2.686817313243038,1.6925767593369196
-17.406161024589736,9.943989923927848
-18.368183704160867,3.4655011464541188
-18.988365198291188,3.4772207697979143
33.34910413700392,-3.495047678009315
5.409377264940244,-0.39672817137810124
-20.891506340018807,5.5304477214818775
5.108406580126246,2.6478816909953915
33.636441611495115,0.14093300337088177
-19.886969738344938,6.202965689037244
29.953822292800133,-3.070317715510849
31.31001933769131,-1.0259289787076893
-19.857417094685577,3.334648643938543
-17.116821644699932,6.622382239085381
30.633607955649023,-3.716773330303141
1.1083627783285537,-3.747877576327992
34.578879012549486,0.9378572384036259
-17.952749720604796,3.169929858036919
-20.057878115807462,8.850953083166488
28.09832772469095,-6.2152906435730255
27.8229777122255,-0.867883965303222
30.830950232944495,0.7252108772832564
-20.224218088268763,1.7247890492401905
4.850481615488656,2.377659615341962
-15.848170240389477,4.50561299177303
-21.705272715716696,7.452453109855737
5.98615285613842,0.21587213493996546
6.716011269364919,0.18046574910928864
25.02285006851769,1.7001846892329593
32.44673666585258,1.9646893854734429
-20.206659839834664,10.311008752805332
29.753581618051033,-4.062296459445712
28.750843696583686,-1.0295966209743166
33.15316133619767,-0.44291802636040933
6.951946181268367,1.904334599073745
8.485249256642003,-1.5728172516192063
27.06852982843871,-2.84263537383048
-18.83077533774781,5.846900868769674
29.44386978617831,0.7111599698894708
8.368765342019207,0.26996603707134337
-21.540919414152974,4.4748315063840955
-22.70058469654155,4.182253024137603
6.759277719906032,-5.293659178250797
3.855053480771174,1.1709397543881663
-18.40910248059341,3.6136957475851315
28.492214979545345,-2.2447897358028883
4.966975587206448,-0.7495939090165755
-23.415852533462907,8.206444428656734
-20.556696785937692,6.875118498929666
30.544796527683992,-0.5115325660442531
31.241629975253307,-5.770078454024448
-17.229329783222823,5.960440954327042
-16.28968028865867,2.836660059855652
-17.700025919238826,3.462666948365632
-21.87580537113203,7.518053563528742
9.426344942999812,-1.8785556827716356
-19.528840733813766,1.9062539539562362
5.172110191046871,-2.7931884908220983
-22.769963584345604,5.338052758454445
29.239995110589227,-2.4573362926733786
-20.94209913973408,8.15830144759948
6.170156875156376,-1.387921741102044
5.376030571437382,-2.924431411729453
5.9977456637288515,-2.7177949139093873
2.9872420147514522,-1.465357903531767
30.24483408289348,-5.831265279388916
32.629917800142415,-2.5637051315790185
4.814758852297347,0.4929471535827786
28.66543951077338,-4.3588250400087345
3.3581440609838324,-2.434568300306752
-19.902532797733876,3.4200908571170694
29.232635668429694,-0.7571080879558347
5.239114779498023,2.1311477596172614
5.819418892996727,-1.2580120927154261
4.18407906789469,1.838676807516479
-19.635908314601075,6.3659123244093285
3.912232593757622,-1.2579921787735724
1.0938536105472827,3.041091877301726
29.79661808386304,-4.025856478142478
8.128390824406655,2.1378280802204213
29.632969613719187,-2.0544898797718245
3.5792015016786847,0.029743867403289912
28.46368908319914,-2.444569088365962
1.5021882131275777,-2.3732735947410135
5.537138723361233,0.7657859797778109
7.170216476228378,-0.8739100434302003
-20.04938580724372,6.687189238058218
28.664862986377827,0.3100373542500292
5.06063727763464,-0.517021612056424
10.587870151203152,1.9570123047881793
29.804894210097498,-4.915829655114852
30.51067489867707,-0.18816879693978628
32.639704622868244,-2.96962403119822
-20.13938574458807,4.174278456538343
-16.12902426287194,6.151003336592266
27.7756848496964,-1.3388331640889017
-19.515801547674688,6.1556230795806455
30.785388156275136,-3.48869715540358
28.05484708989779,-0.7265717939860643
-20.78305657563132,6.172160637465569
29.5172106678573,-2.275824307655366
29.078965852028816,-3.7467518842194307
29.813683618254785,-0.41890037997016516
4.938052896183236,-2.0321968805638835
-21.62698743323662,3.8041868141729145
2.805874229676317,1.0210730350169215
9.43471478455698,-0.775576217815424
26.875490969849633,-2.7999102834874385
31.080831569553048,-3.266581955298541
30.482808104769884,-4.728167388344387
30.348583464772908,-3.062030946082175
4.713497586762461,1.4490276454066688
6.68598475875079,3.2274149023120704
31.322936196238537,2.3161883582457525
29.83032591384265,-2.602550760950545
32.71748348634327,-7.122481003601524
7.237725442967902,0.6298183494941767
29.244410554964237,-2.52318181569776
5.316325737893137,2.7996079814788835
4.296197672881565,-2.501023924880423
31.14455228452133,0.7235166359706322
31.38450604976793,-1.520256708417353
27.35972346635361,-2.7859736236453747
-18.225617328995543,3.872232961357478
29.242898004659097,-3.2037813547484078
2.1319724626549172,0.8080931799501542
31.305656440828916,-2.706268500150656
-19.21667926716735,5.087684413275715
-22.507345940700468,4.2588626094141695
29.685895092337656,0.4847885119787674
27.749227033739178,1.8042010648587743
28.932532532741096,-0.9891203522670848
4.893389770880537,-2.4094720619323735
30.086429235746657,-0.7749232993995128
2.3029045353881337,1.97153097179727
5.05748372044745,1.1050932357646788
30.110152840909247,-4.0796464432197235
5.453311612567877,-0.7899278459314805
-20.11490572552769,5.567745917625799
29.278102559978205,-5.3188199325193075
3.9614816521301073,2.1517412069984587
5.143781677068201,-1.8712407725393434
-20.451311567731317,6.081073595720575
-21.311237658821018,5.881638994785588
30.65030678042848,-6.361433381881853
-19.575668574985176,5.1921637531665965
3.219480534062173,-0.6989222355833475
2.7314065793313027,0.8995730806015856
4.601736948884235,-6.208211072186376
6.303158694834452,2.6098736497009654
-19.47350336883141,3.4945326163376196
30.600353231488505,0.3013005207734425
32.893098136373936,-1.8665021294117372
-17.894689874893725,5.386146007389357
2.5301485998301927,-1.7886838130417477
29.533448346960856,-5.446462231192236
-21.036346968618368,3.112042722412369
31.28870855014658,-2.513988563219174
30.20446165037741,0.8863234687889565
29.261384040488988,-1.4029219541789586
-21.93964366455258,3.1443206679263835
29.5524709351154,-0.8405818162428751
8.147862643069555,2.368234477876164
29.492232671152014,-1.881687136061367
-21.62326004974834,5.443791692567667
3.075306127770803,-0.17126159139044794
-21.020919231881386,4.540177925188819
3.3819709393602206,-3.9192797743654317
5.025145336735378,1.7526987815054766
6.895213942577204,3.047811922515682
6.361549146320987,-1.5504797664435452
3.8195059601771533,0.6755474664332979
26.310000815330866,0.4075803877203632
-18.181302432726476,6.509684612919534
-21.88420891585629,8.272451496473845
1.1904130843058645,0.5166034812534476
-17.196631383314212,4.500489209753027
7.218141272316231,-0.24758868787219565
-18.52757267250726,8.390141329775393
-21.691328417769668,3.956865347130067
2.8181560045847895,-0.4763107959001288
31.925392486612797,-2.704191739364039
6.694953100473097,3.617388177139507
6.973566961322938,2.135616773687954
8.119306297854449,0.12775312897355784
6.64522020244248,0.28957803720261144
-21.01633735571339,7.143775539030777
8.367960015273278,1.824616051319651
-22.406478250719367,6.483341788929085
30.778036595029736,1.7478562842986092
-21.674270287161953,7.850687122000966
-21.878233842349857,6.496292846458831
-20.37836897645241,6.084232838141292
5.305280444377274,-1.6133594946865193
27.167165065339894,-0.8778987695654963
5.697708987625274,2.6664577428506204
-19.814973742259593,1.405618886274668
1.4943184772133962,-3.949088028501914
-20.36744517078526,3.9882063142308515
7.344492870596296,1.3377303151628488
4.046762701296527,1.2098056665995962
27.843576014120785,-1.016958211664393
-19.384231820214794,0.09762377996667038
-19.295339821510044,4.189536044016461
-22.55270818379139,3.6738759555399674
2.105297852274048,-2.8409598827121085
5.681665486947944,-0.02790097629910787
8.125741636357255,-2.5988643308448003
-19.994055750729736,5.8368909141425185
7.274836242143801,-0.6147031506659958
-23.829637726118555,5.588141904016636
8.804753461660638,-1.1659413748452927
6.3531801990438215,-1.6979111618847653
-19.8530258045359,2.2855231438287604
-19.02009364788025,2.342777761448471
30.941866837527503,-2.134213037387106
3.9128034857080802,-1.8680531128406188
-17.972531530482414,8.247932055272523
31.026930904144372,-2.8789112739221983
29.417043757763764,-2.1495793108659402
2.02189770164035,-1.690060260604679
4.393910258181592,-1.7184328539280072
30.78771257643743,-1.5513800863209464
29.412730970003686,-0.9216302635877964
28.81391672793778,-4.711727128357717
27.289998239398088,-1.5895655444071188
3.4750315144709827,-0.21818583923202223
4.912108953551346,-0.046119374761765426
31.494716721097504,-5.618634326434563
29.394815869703073,-3.815906327658796
30.288926415546396,-1.0144831499066287
32.409275760436614,-2.074154093894398
28.421626237073745,-1.402746168964855
1.7502922204047566,-0.37303650306458114
-18.544548049809688,7.017870379714115
32.377373774613716,-0.5298324171731303
30.20188224770178,-1.7668365311677374
-18.88028416307617,1.7531314188998826
30.218223897548512,-1.5378560100153684
-17.689239710815333,2.687795183992923
27.349427457612812,0.4312746230339366
4.545977763519196,1.9553372447406956
28.082335408483278,1.030024580742857
-23.89223495611623,7.328368818986151
-15.854720160355773,6.671780055030402
26.84676441723522,-2.0367041424155703
-22.29545358055971,7.059348899977191
31.109926864071184,-3.394322366068706
3.5139317822143257,0.5016249527297391
-20.192970481270105,2.805759040493867
4.743202075711104,1.5920716564495359
-17.096468898381485,4.818502688139294
-18.017737195594744,5.56887064202598
5.018887026356936,1.5777075328309864
-24.159745208961603,10.0273108024182
-22.4608791909044,4.156900528943466
-23.3103958825939,4.896300519079218
4.0740895718139685,1.7128507064032772
32.7687663579871,0.6940908830404964
2.689524665230425,2.219245680085316
-19.54060886340813,7.199223921327118
-21.428750014713007,5.620388331338387
-18.134535720712105,4.851658200961565
30.181873550837803,-1.3465164468293065
-19.858854705788133,6.16351365737957
-22.008451970046252,2.13032569539803
28.16813406606011,1.1794974890042988
3.807196736637904,-0.3199703317813286
-21.397585981039292,6.112399484214644
31.783865595252575,-3.1130650673842055
-20.91618521868905,5.147426674423484
-21.15480713778646,1.735057064522168
30.488412767431335,-0.24831344713218328
31.383239814235257,-3.0012264663437365
-16.975383013667155,4.293443289168414
29.752435060692218,-1.6228407528471869
-21.737122393071783,6.41656122781828
33.52676034889655,-2.1866401783059395
-20.30522516424675,6.810090042573028
-22.580361207430894,3.8762258235395883
6.910737169328927,-3.9315399585596964
5.60044331161124,2.137526251924274
28.424857208406344,-5.331985659517772
-20.30046218581434,6.635697983793759
33.920918048193016,-1.9486721231416089
28.382032576734535,-0.945678562413721
-20.649454468568873,7.133776618178143
30.54065240432531,-2.8084633144837943
4.314570448579292,1.814071402208007
-21.39923806302356,6.960551454557979
3.4936595778328003,-1.3321967974820677
4.1287711403300875,-1.2207105879496711
25.95532710533244,-2.597677878815758
3.7084053311475698,1.1555065150288475
5.870897486311058,0.8115019949180096
-22.550438155362446,7.615659785925569
-19.20911372897477,2.3055154864341945
-21.775575710314357,5.895412640819288
28.038362549346225,-4.463103469837753
5.633193889143659,1.707733977688928
29.24236735877398,-2.093652920212505
6.210055586151993,2.610610092703674
27.81527155191063,-1.045080379182634
1.2713997008212843,1.9743935180842027
3.800332018057683,-2.2636076973455026
-22.715810411288807,5.213328684917911
-20.704551108498826,5.4303577291271665
24.9271890438704,-0.33281319674925713
5.31006852534931,-0.5713245457318398
-19.30419254255481,5.6258733089881865
30.815154055751268,-4.365041698617732
27.17807198898484,-4.2436816619346285
3.4860297134578393,1.661848371074214
4.564741191632928,2.2985660751201946
28.97464287872792,-4.33668605593554
6.449142634120403,-1.992796539415551
7.457482840949182,0.055725780431043426
28.902956884554982,-3.083340797040978
3.370871150179908,3.0165979652458152
-18.146076977270482,6.015154893782633
-20.692544560429063,6.98290751182543
3.2297276256936094,0.569934326289216
2.237195591392051,-0.11539471364323266
1.3236593509283203,-0.7577258785828447
-19.473998220658864,2.6287748494796745
5.035992139534785,1.1001226133737618
-18.577217065821863,2.7302754742210853
-20.87288374066999,4.997541221006957
3.3585792852614182,-1.2539922005068385
26.498316328990253,-3.482134914789346
-16.719507322718474,4.690559064863074
29.314826232496976,-3.0814027615981967
34.08647346046281,-0.49041812025883913
4.195359658212404,-0.46790464343615673
-19.757693027742445,2.332755229615233
-17.461608554646407,0.6711543177784911
-17.329628133717417,8.303122778659699
32.037785100174595,-1.7909260284836224
-18.38413321686611,5.556190183645644
-20.55024399744741,4.5800716199078915
2.379352606761255,3.157521823599898
5.528930967011803,1.4648275238773873
26.306748159210688,-0.2295534902166647
-16.736179646772165,6.222591634848677
6.649203829336811,-0.07300699943042448
-20.18810252666161,5.102817257319261
30.484217953553237,-1.1110623479081303
6.0526836646143325,0.4619008685211341
26.743899014882363,-0.42187027795535226
4.622614553750441,2.705955621379996
27.130812831743064,0.8419634551265087
28.19122388428886,-2.490547100728505
7.235946536366379,0.14807778294488183
28.8537711904708,-3.1344253964198083
28.06368101439743,-2.436861581843692
4.673344448456017,0.16394057923797098
31.258620949678132,-1.866648906380123
28.407440044026025,-1.8983693901429106
31.089236611590785,-1.029622575248061
-23.098917452933527,5.230904069172045
5.534105377940406,0.2322978450151918
-20.713535665003732,4.646772624060298
28.798274103748494,-2.4817544102236355
4.166700661224067,-0.7777280593499536
7.996941479435007,-4.3215841745266115
-19.501567289234927,0.8306770103271148
-25.08236304235075,6.793335609374714
-23.7008006129715,3.2883095496259136
-17.31887674554111,3.9700344576261353
4.463901040378245,0.07469747735613107
32.631502884604025,0.07080561210089664
29.629918679920838,0.16354169356413095
-20.613455665064823,5.519982973678807
-23.043894467068043,3.2464957550756868
-18.960206158033667,4.915680935891068
4.853478197163791,1.6892887280688955
29.12674861693385,1.7844853685271937
31.623544509934252,-4.7686623376458055
8.071726430425446,-2.5833778878799287
5.073945520417719,1.6220725626769716
32.30004269015186,-1.9138447039739577
-20.464668488667503,6.870283769378114
-20.572381238048468,1.6236420001712015
29.325086407264994,-3.6424747757506966
-19.95795109047977,3.435325688446733
-22.305947902274795,4.307256666734811
5.919470374480968,-1.7547035512005984
6.330934148582413,-0.49669856345705826
4.283920032550035,1.295400259868277
4.533655653477524,2.323937935635373
30.117543863384636,-2.4879042167347194
-21.026558944961174,3.61357123052892
3.2913477133245195,-3.189398344825455
30.938072321740055,-2.2749064670220576
7.05539646286855,5.292168044005029
-19.968941752828165,4.12802099174779
7.175312662372238,-0.14883049121801054
28.688386636351833,-3.956931285691857
-21.460861810704227,3.844605411701724
31.391378613463374,3.7472861621566755
-19.626997432563044,4.157379001923463
-20.549968232225403,6.017465381432509
-20.025373790783128,6.115058267062611
27.891523492532144,-4.077034965880298
-21.619324872830003,4.952163113145462
5.16314772418761,-0.0022558098350511577
28.880358924767574,-0.7512598898376703
6.90610645639449,0.5484363978897656
25.7238769677543,-0.830668341291364
31.838560990967903,-2.1565667722296267
28.411450938962677,-0.7951409911382907
28.003023884791144,-1.9825821024537076
3.6666995400980253,0.4447666235969682
-18.207295654755885,4.851521448957254
-18.22283061655506,4.389184162087174
-17.82854559347044,4.486018276757795
30.506528714501776,-3.0075762219571542
27.875871368684457,-0.07154894147481783
-23.914000991561828,2.9944257304487927
4.709368444271676,-1.969402042330822
-25.77539955747288,7.274115872476473
27.85009726058933,-2.5511707532975025
26.817190442687775,0.9838418862923262
4.128787314883978,-1.461733119295407
-22.082334090170143,6.457825000216406
-17.970407927901572,7.0164510861426335
6.664629966672013,-0.5415538935494715
7.431908153095106,0.19016650717618258
27.74542836746283,2.593638221139652
-19.37876315419859,3.160945316243229
-18.549382876296477,2.349171004460425
28.27531318805494,-1.9348175442346833
4.082938390177526,-2.2665590306926675
27.155702278258566,2.2935050827078483
6.755041800412976,2.724209150838303
30.06379829470856,-4.377677901511644
30.056356548462002,-5.763327261612922
3.3452882402401207,0.9147024398812444
31.194290745393516,0.18521278570815758
-20.902535631562735,1.4483567063753355
-17.44192779046462,4.5503363681210205
6.49928543283987,-1.7309899217667615
5.632997181031786,-1.0555701553864185
3.0396018008868415,-0.7046020476270995
3.9531279543717424,1.8900762154346167
-21.784978044534327,4.440654400757615
-19.33375677002235,10.36241005020575
3.082807585124195,1.7529397432100424
6.026013787793168,-0.9291685883989289
-19.166274022571326,6.806146388482002
28.028763982662895,-4.371400250965122
4.051197143119719,-0.0917007744458577
-17.934493817349058,2.6223336359766094
6.12000315142903,-1.9446664260681055
3.736876702202108,0.6736689071293116
28.023450914650496,-3.198354147018197
-20.525114743098815,4.994636741532814
30.62533144920723,-2.780706584230193
4.845243190778514,1.2389226294711448
-20.741132882367694,4.984554732378055
4.995806094162016,-2.6476927491284297
-21.240163933332592,5.302642882861472
4.635684985080131,0.11488129371110528
-17.663128489691147,1.8165304112631584
31.22606494444248,-1.6704511839884268
4.298484440581255,-0.1421425850043984
-21.045119287178412,5.099164637317668
29.335894809267852,-4.428492970024799
3.5317451691014075,-1.0167792644145317
29.770792129939007,1.3188206996303644
-19.066233706463006,8.01735280787149
29.828736484090744,-1.6857112093656164
3.729643469394481,-3.5187527775706373
4.372923852315747,-2.3355532564614627
3.4664704866077916,3.7606754415151675
5.961234591930449,-2.464925275351081
6.510708676819955,0.49527397905286624
-18.093974973249004,4.94080105622704
5.535517781399567,2.2263325572333983
-19.786908594168242,4.3817731079172315
26.71020195357437,-2.3326798602259746
5.608360739087769,0.7166052132171417
27.17651817651074,-2.2158404573456236
